Up to date

Single multi-asset TxOut, by asset number.
   0   394671   36874255            0.36            0.05
  10  1100295  149227895            5.67            1.03
  20  1821825  266888695           11.14            2.07
  30  2555712  389679512           16.74            3.16
  40  3284049  512859391           22.28            4.26
  50  4024297  640959221           27.94            5.40
  60  4765807  770418975           33.61            6.56
  70  5530004  908418908           39.50            7.80
  80  6292953 1047340221           45.39            9.05
  90  7071993 1193173337           51.44           10.37
 100  7847391 1338787427           57.44           11.69
 110  8641218 1490911218           63.64           13.08
 120  9422678 1639414462           69.71           14.43
 130 10219652 1795314720           75.93           15.85
 140 11035382 1959397260           82.35           17.35
 150 11853523 2124629621           88.78           18.87
