Up to date

Single multi-asset TxOut, by asset number.
   0   394671  141831048            0.36            0.14
  10  1100295  441969668            5.67            2.55
  20  1821825  749440448           11.14            5.03
  30  2555712 1062716245           16.74            7.57
  40  3284049 1373681104           22.28           10.09
  50  4024297 1690240914           27.94           12.66
  60  4765807 2007485648           33.61           15.24
  70  5530004 2335295561           39.50           17.92
  80  6292953 2662676854           45.39           20.60
  90  7071993 2997644950           51.44           23.36
 100  7847391 3331044020           57.44           26.10
 110  8641218 3672977791           63.64           28.93
 120  9422678 4009266015           69.71           31.70
 130 10219652 4352951253           75.93           34.54
 140 11035382 4705493773           82.35           37.47
 150 11853523 5059186114           88.78           40.42
