Up to date

Single multi-asset TxOut, by asset number.
   0   394671  30687496            0.36            0.03
  10  1100295  86368106            5.67            0.45
  20  1821825 142699794           11.14            0.88
  30  2555712 199290919           16.74            1.31
  40  3284049 255109172           22.28            1.73
  50  4024297 311184632           27.94            2.16
  60  4765807 367082886           33.61            2.58
  70  5530004 423673467           39.50            3.01
  80  6292953 479886678           45.39            3.44
  90  7071993 536382322           51.44            3.87
 100  7847391 592486220           57.44            4.29
 110  8641218 649256475           63.64            4.73
 120  9422678 705397049           69.71            5.15
 130 10219652 761632053           75.93            5.58
 140 11035382 818165677           82.35            6.01
 150 11853523 874714026           88.78            6.44
