   0   394671   13876255            0.36            0.02
  10  1100295   84499895            5.67            0.69
  20  1821825  159980695           11.14            1.41
  30  2555712  240441512           16.74            2.18
  40  3284049  321891391           22.28            2.96
  50  4024297  408111221           27.94            3.79
  60  4765807  495840975           33.61            4.63
  70  5530004  591660908           39.50            5.55
  80  6292953  688702221           45.39            6.49
  90  7071993  792505337           51.44            7.49
 100  7847391  896389427           57.44            8.49
 110  8641218 1006333218           63.64            9.56
 120  9422678 1113106462           69.71           10.59
 130 10219652 1227276720           75.93           11.69
 140 11035382 1349479260           82.35           12.88
 150 11853523 1472831621           88.78           14.08
