Up to date

Single multi-asset TxOut, by asset number.
  0    394671   101777810            0.36            0.10
  10   1100295  327217790            5.67            1.93
  20   1821825  559239930           11.14            3.83
  30   2555712  796817087           16.74            5.78
  40   3284049 1033083306           22.28            7.72
  50   4024297 1274694476           27.94            9.71
  60   4765807 1517240570           33.61           11.71
  70   5530004 1769601843           39.50           13.81
  80   6292953 2022034496           45.39           15.91
  90   7071993 2281803952           51.44           18.09
  100  7847391 2540504382           57.44           20.25
  110  8641218 2806989513           63.64           22.49
  120  9422678 3068579097           69.71           24.68
  130 10219652 3337565695           75.93           26.95
  140 11035382 3615159575           82.35           29.30
  150 11853523 3893903276           88.78           31.66
