Up to date

Single multi-asset TxOut, by asset number.
   0   394671   120942810            0.36            0.12
  10   1100295  381157790            5.67            2.22
  20   1821825  648329930           11.14            4.38
  30   2555712  921182087           16.74            6.60
  40   3284049 1192223306           22.28            8.80
  50   4024297 1468734476           27.94           11.06
  60   4765807 1746055570           33.61           13.32
  70   5530004 2033566843           39.50           15.69
  80   6292953 2320899496           45.39           18.05
  90   7071993 2615693952           51.44           20.49
 100   7847391 2909169382           57.44           22.92
 110   8641218 3210804513           63.64           25.42
 120   9422678 3507169097           69.71           27.88
 130  10219652 3810930695           75.93           30.41
 140  11035382 4123424575           82.35           33.02
 150  11853523 4437068276           88.78           35.65
