   0   394671   25375255            0.36            0.04
  10  1100295  116863895            5.67            0.86
  20  1821825  213434695           11.14            1.74
  30  2555712  315060512           16.74            2.67
  40  3284049  417375391           22.28            3.61
  50  4024297  524535221           27.94            4.59
  60  4765807  633129975           33.61            5.59
  70  5530004  750039908           39.50            6.68
  80  6292953  868021221           45.39            7.77
  90  7071993  992839337           51.44            8.93
 100  7847391 1117588427           57.44           10.09
 110  8641218 1248622218           63.64           11.32
 120  9422678 1376260462           69.71           12.51
 130 10219652 1511295720           75.93           13.77
 140 11035382 1654438260           82.35           15.12
 150 11853523 1798730621           88.78           16.47
